   300.000000000000     
   298.691372167453     
   297.433091938296     
   296.224517398324     
   295.065031990787     
   293.954044201856     
   292.890987258859     
   291.875318841145     
   290.906520803414     
   289.984098911383     
   289.107582589657     
   288.276524681659     
   287.490501221515     
   286.749111217764     
   286.051976448793     
   285.398741269889     
   284.789072431803     
   284.222658910741     
   283.699211749699     
   283.218463911048     
   282.780170140304     
   282.384106841011     
   282.030071960676     
   281.717884887688     
   281.447386359180     
   281.218438379778     
   281.030924151207     
   280.884748012704     
   280.779835392216     
   280.716132768358     
   280.693607643105     
   280.712248525221     
   280.772064924389     
   280.873087356067     
   281.015367357051     
   281.198977511773     
   281.424011489326     
   281.690584091248     
   281.998831310093     
   282.348910398803     
   282.740999950935     
   283.175299991767     
   283.652032080346     
   284.171439422511     
   284.733786994970     
   285.339361680476     
   285.988472414182     
   286.681450341243     
   287.418648985752     
   288.200444431089     
   289.027235511787     
   289.899444016988     
   290.817514905627     
   291.781916533429     
   292.793140891837     
   293.851703859005     
   294.958145462976     
   296.113030157173     
   297.316947108363     
   298.570510497216     
   299.874359831636     
   301.229160272999     
   302.635602975495     
   304.094405438717     
   305.606311873697     
   307.172093582564     
   308.792549352028     
   310.468505860883     
   312.200818101734     
   313.990369817181     
   315.838073950655     
   317.744873112163     
   319.711740059157     
   321.739678192796     
   323.829722069824     
   325.982937930360     
   328.200424241834     
   330.483312259380     
   332.832766602943     
   335.249985851416     
   337.736203154093     
   340.292686859767     
   342.920741163777     
   345.621706773351     
   348.396961591563     
   351.247921420279     
   354.176040682432     
   357.182813163991     
   360.269772776030     
   363.438494337245     
   366.690594377359     
   370.027731961793     
   373.451609538046     
   376.963973804197     
   380.566616599989     
   384.261375820943     
   388.050136355957     
   391.934831048891     
   395.917441684612     
   400.000000000000     
